commend line:
python3 kmeans_pp.py 3 333 0 input_1_db_1.txt input_1_db_2.txt
python3 kmeans_pp.py 7 0 input_2_db_1.txt input_2_db_2.txt
python3 kmeans_pp.py 15 750 0 input_3_db_1.txt input_3_db_2.txt


output_1:

44,56,73
-5.7674,-7.4071,8.0725,-8.3855
-4.4647,9.2494,5.2826,9.4125
-8.6121,0.9026,-8.0698,-2.7475


output_2:

172,261,366,368,372,250,174
-0.9698,-8.8774,-3.6866,8.9315,-4.679,-4.7944,-1.8345,6.7256
-4.7312,2.1914,-8.1634,-3.7765,1.9947,-4.9813,-8.8656,-7.2677
0.3978,-4.7027,-3.2656,9.5738,-6.4382,-5.0631,3.7241,-2.3435
-3.2795,7.9766,6.5437,4.8341,-0.75,7.1848,-4.3804,-8.1623
-4.082,9.1629,5.3056,9.9094,-5.9005,-7.3476,8.127,-8.8715
-7.0574,-0.222,-3.8604,-4.0847,-9.7562,1.688,4.3006,-1.8364
-1.1662,-7.5555,-4.378,8.8533,-3.38,-4.5586,-2.1442,7.5466


output_3:

2732,2982,4229,4312,4232,3111,1902,1466,272,1354,2369,3996,2359,1961,4117
0.1378,-4.6096,-3.1999,9.4366,-6.2418,-5.1583
-4.0191,8.798,-4.2552,-4.6566,-1.7074,6.5654
-0.6946,2.2288,7.2007,5.7785,-5.2293,-2.6083
0.5129,-8.5713,-8.1666,-8.2522,-3.5456,8.1623
-9.2513,5.5689,-6.4047,-1.9701,6.4947,-1.2287
4.3474,-1.8605,-6.8533,-5.8541,5.2538,-2.7348
0.8143,-9.7797,-1.2919,-0.7052,-3.5545,2.4435
3.9239,-2.2228,-0.8247,3.5273,-8.3317,-5.3744
8.255,-8.625,-8.5393,0.722,-8.1518,-2.3517
3.6855,-1.4226,-9.5601,-5.8663,-0.622,-9.0216
6.6688,5.0783,-0.6316,7.409,-4.4404,-8.3492
-1.5902,3.1975,2.6958,0.3196,-3.0125,-9.1551
-6.985,-0.0434,-3.8976,-3.9083,-9.7318,1.5519
-4.3402,9.2005,5.4223,9.7728,-5.7757,-7.2221
3.1839,-1.3826,-8.5818,-6.6209,-1.5632,-8.3312
